HA_NAME: serveur de test !
HA_LAT: 44.84329898310464
HA_LONG: -0.6600131730162957

WORK_LAT: 44.8593026
WORK_LONG: -0.6718665

INFLUXDB_IP: 192.168.1.104
INFLUXDB_PORT: 32768



MYSQL_ADR: mysql://hass:password@192.168.1.104:3306/harepository?charset=utf8

AFTERSHIP_API_KEY: 7af06c2c-b980-4bd5-9aa2-bf602230729b

HUE_BRIDGE_IP: 192.168.1.9

